0.038555 0.000044 0.000027 
 0.039158 0.000018 0.000006 
 0.038511 0.000046 0.000033 
 0.037911 0.000070 0.000049 
 0.038599 0.000042 0.000023 
 0.039154 0.000018 0.000007 
 0.038466 0.000048 0.000040 
 0.037915 0.000070 0.000047 
 0.038642 0.000040 0.000019 
 0.039147 0.000019 0.000008 
 0.038422 0.000050 0.000047 
 0.037922 0.000070 0.000045 
 0.038685 0.000038 0.000016 
 0.039137 0.000019 0.000010 
 0.038378 0.000052 0.000055 
 0.037931 0.000069 0.000042 
 0.038726 0.000036 0.000014 
 0.039122 0.000020 0.000012 
 0.038335 0.000053 0.000063 
 0.037943 0.000069 0.000039 
 0.038767 0.000034 0.000014 
 0.039105 0.000020 0.000015 
 0.038293 0.000055 0.000072 
 0.037958 0.000068 0.000034 
 0.038805 0.000033 0.000014 
 0.039084 0.000021 0.000019 
 0.038251 0.000057 0.000081 
 0.037974 0.000067 0.000030 
 0.038842 0.000031 0.000016 
 0.039060 0.000022 0.000023 
 0.038210 0.000059 0.000090 
 0.037994 0.000066 0.000025 
 0.038877 0.000029 0.000018 
 0.039033 0.000023 0.000028 
 0.038171 0.000060 0.000098 
 0.038015 0.000065 0.000020 
 0.038910 0.000028 0.000021 
 0.039003 0.000024 0.000035 
 0.038133 0.000062 0.000106 
 0.038039 0.000063 0.000015 
 0.038941 0.000027 0.000025 
 0.038971 0.000026 0.000042 
 0.038096 0.000063 0.000114 
 0.038066 0.000062 0.000011 
 0.038968 0.000025 0.000029 
 0.038936 0.000027 0.000051 
 0.038062 0.000064 0.000120 
 0.038094 0.000060 0.000007 
 0.038993 0.000024 0.000034 
 0.038899 0.000029 0.000060 
 0.038029 0.000066 0.000126 
 0.038124 0.000059 0.000004 
 0.039015 0.000023 0.000039 
 0.038859 0.000030 0.000071 
 0.037998 0.000067 0.000131 
 0.038156 0.000057 0.000001 
 0.039034 0.000022 0.000045 
 0.038818 0.000032 0.000083 
 0.037969 0.000068 0.000134 
 0.038189 0.000055 0.000000 
 0.039049 0.000021 0.000051 
 0.038775 0.000034 0.000096 
 0.037942 0.000068 0.000137 
 0.038224 0.000054 0.000000 
 0.039061 0.000020 0.000057 
 0.038731 0.000035 0.000110 
 0.037917 0.000069 0.000138 
 0.038260 0.000052 0.000002 
 0.039070 0.000020 0.000064 
 0.038685 0.000037 0.000125 
 0.037895 0.000070 0.000138 
 0.038297 0.000050 0.000005 
 0.039075 0.000019 0.000071 
 0.038638 0.000039 0.000141 
 0.037875 0.000070 0.000136 
 0.038335 0.000048 0.000009 
 0.039076 0.000019 0.000078 
 0.038590 0.000041 0.000157 
 0.037857 0.000070 0.000134 
 0.038373 0.000046 0.000015 
 0.039075 0.000019 0.000085 
 0.038542 0.000043 0.000175 
 0.037843 0.000070 0.000130 
 0.038411 0.000044 0.000023 
 0.039069 0.000019 0.000093 
 0.038493 0.000045 0.000192 
 0.037830 0.000070 0.000125 
 0.038450 0.000043 0.000032 
 0.039060 0.000019 0.000101 
 0.038443 0.000047 0.000210 
 0.037821 0.000070 0.000119 
 0.038488 0.000041 0.000043 
 0.039048 0.000019 0.000109 
 0.038394 0.000049 0.000229 
 0.037814 0.000069 0.000113 
 0.038525 0.000039 0.000054 
 0.039033 0.000019 0.000119 
 0.038344 0.000051 0.000247 
 0.037810 0.000069 0.000106 
 0.038561 0.000037 0.000067 
 0.039014 0.000020 0.000129 
 0.038294 0.000053 0.000265 
 0.037809 0.000068 0.000098 
 0.038597 0.000036 0.000081 
 0.038992 0.000020 0.000140 
 0.038246 0.000054 0.000282 
 0.037810 0.000067 0.000091 
 0.038630 0.000034 0.000096 
 0.038968 0.000021 0.000152 
 0.038197 0.000056 0.000298 
 0.037815 0.000066 0.000083 
 0.038662 0.000032 0.000112 
 0.038940 0.000022 0.000165 
 0.038149 0.000058 0.000314 
 0.037822 0.000065 0.000077 
 0.038692 0.000031 0.000128 
 0.038909 0.000023 0.000179 
 0.038102 0.000060 0.000328 
 0.037831 0.000064 0.000071 
 0.038720 0.000030 0.000144 
 0.038876 0.000024 0.000195 
 0.038056 0.000061 0.000341 
 0.037844 0.000063 0.000066 
 0.038745 0.000028 0.000160 
 0.038840 0.000025 0.000212 
 0.038011 0.000062 0.000352 
 0.037859 0.000061 0.000063 
 0.038767 0.000027 0.000177 
 0.038802 0.000026 0.000230 
 0.037968 0.000064 0.000362 
 0.037877 0.000060 0.000061 
 0.038787 0.000026 0.000193 
 0.038762 0.000028 0.000250 
 0.037926 0.000065 0.000370 
 0.037897 0.000058 0.000061 
 0.038804 0.000025 0.000209 
 0.038719 0.000029 0.000271 
 0.037885 0.000066 0.000376 
 0.037919 0.000057 0.000064 
 0.038818 0.000024 0.000225 
 0.038675 0.000031 0.000293 
 0.037846 0.000067 0.000379 
 0.037944 0.000055 0.000069 
 0.038828 0.000023 0.000240 
 0.038629 0.000033 0.000317 
 0.037809 0.000068 0.000381 
 0.037970 0.000053 0.000076 
 0.038836 0.000022 0.000255 
 0.038581 0.000034 0.000341 
 0.037773 0.000068 0.000381 
 0.037998 0.000052 0.000086 
 0.038840 0.000021 0.000270 
 0.038532 0.000036 0.000367 
 0.037740 0.000069 0.000379 
 0.038027 0.000050 0.000099 
 0.038841 0.000021 0.000285 
 0.038482 0.000038 0.000394 
 0.037708 0.000069 0.000375 
 0.038058 0.000048 0.000114 
 0.038839 0.000020 0.000299 
 0.038431 0.000040 0.000421 
 0.037679 0.000069 0.000369 
 0.038089 0.000047 0.000132 
 0.038833 0.000020 0.000314 
 0.038379 0.000042 0.000448 
 0.037652 0.000069 0.000361 
 0.038121 0.000045 0.000152 
 0.038824 0.000020 0.000328 
 0.038327 0.000044 0.000476 
 0.037628 0.000069 0.000352 
 0.038153 0.000043 0.000174 
 0.038812 0.000020 0.000343 
 0.038274 0.000046 0.000504 
 0.037606 0.000069 0.000341 
 0.038185 0.000042 0.000198 
 0.038797 0.000020 0.000358 
 0.038221 0.000048 0.000531 
 0.037586 0.000068 0.000329 
 0.038217 0.000040 0.000224 
 0.038778 0.000020 0.000373 
 0.038167 0.000050 0.000558 
 0.037569 0.000068 0.000317 
 0.038247 0.000039 0.000252 
 0.038756 0.000020 0.000390 
 0.038114 0.000051 0.000584 
 0.037556 0.000067 0.000305 
 0.038277 0.000037 0.000280 
 0.038732 0.000021 0.000407 
 0.038061 0.000053 0.000609 
 0.037544 0.000066 0.000292 
 0.038306 0.000036 0.000309 
 0.038704 0.000021 0.000426 
 0.038008 0.000055 0.000632 
 0.037536 0.000065 0.000280 
 0.038333 0.000034 0.000338 
 0.038673 0.000022 0.000445 
 0.037956 0.000057 0.000654 
 0.037531 0.000064 0.000270 
 0.038358 0.000033 0.000368 
 0.038640 0.000023 0.000466 
 0.037904 0.000058 0.000674 
 0.037529 0.000063 0.000260 
 0.038382 0.000032 0.000397 
 0.038605 0.000024 0.000489 
 0.037853 0.000060 0.000692 
 0.037531 0.000062 0.000253 
 0.038403 0.000030 0.000426 
 0.038567 0.000025 0.000513 
 0.037803 0.000061 0.000707 
 0.037535 0.000060 0.000248 
 0.038422 0.000029 0.000455 
 0.038527 0.000026 0.000539 
 0.037754 0.000062 0.000721 
 0.037542 0.000059 0.000246 
 0.038438 0.000028 0.000482 
 0.038484 0.000028 0.000566 
 0.037706 0.000064 0.000731 
 0.037552 0.000057 0.000247 
 0.038452 0.000027 0.000509 
 0.038440 0.000029 0.000595 
 0.037659 0.000065 0.000739 
 0.037565 0.000056 0.000252 
 0.038463 0.000026 0.000535 
 0.038394 0.000031 0.000625 
 0.037613 0.000065 0.000744 
 0.037580 0.000054 0.000260 
 0.038471 0.000025 0.000559 
 0.038347 0.000032 0.000656 
 0.037568 0.000066 0.000746 
 0.037598 0.000053 0.000272 
 0.038476 0.000024 0.000583 
 0.038299 0.000034 0.000689 
 0.037524 0.000067 0.000745 
 0.037617 0.000051 0.000288 
 0.038478 0.000024 0.000605 
 0.038249 0.000036 0.000723 
 0.037482 0.000067 0.000742 
 0.037639 0.000050 0.000309 
 0.038477 0.000023 0.000627 
 0.038198 0.000037 0.000757 
 0.037442 0.000067 0.000735 
 0.037662 0.000048 0.000333 
 0.038472 0.000022 0.000648 
 0.038147 0.000039 0.000791 
 0.037403 0.000068 0.000726 
 0.037687 0.000047 0.000360 
 0.038464 0.000022 0.000668 
 0.038095 0.000041 0.000826 
 0.037367 0.000068 0.000715 
 0.037713 0.000045 0.000391 
 0.038453 0.000022 0.000688 
 0.038042 0.000043 0.000861 
 0.037332 0.000067 0.000701 
 0.037739 0.000044 0.000425 
 0.038439 0.000022 0.000708 
 0.037989 0.000045 0.000895 
 0.037300 0.000067 0.000685 
 0.037766 0.000043 0.000462 
 0.038422 0.000022 0.000728 
 0.037936 0.000046 0.000929 
 0.037270 0.000067 0.000668 
 0.037793 0.000041 0.000500 
 0.038402 0.000022 0.000749 
 0.037882 0.000048 0.000962 
 0.037242 0.000066 0.000649 
 0.037819 0.000040 0.000541 
 0.038379 0.000022 0.000769 
 0.037829 0.000050 0.000993 
 0.037218 0.000065 0.000630 
 0.037845 0.000039 0.000582 
 0.038353 0.000022 0.000791 
 0.037775 0.000052 0.001023 
 0.037196 0.000064 0.000611 
 0.037871 0.000037 0.000625 
 0.038325 0.000023 0.000814 
 0.037722 0.000053 0.001051 
 0.037177 0.000064 0.000593 
 0.037895 0.000036 0.000667 
 0.038294 0.000023 0.000838 
 0.037669 0.000055 0.001077 
 0.037161 0.000062 0.000576 
 0.037918 0.000035 0.000710 
 0.038260 0.000024 0.000863 
 0.037616 0.000056 0.001101 
 0.037149 0.000061 0.000561 
 0.037939 0.000034 0.000751 
 0.038225 0.000025 0.000889 
 0.037563 0.000058 0.001122 
 0.037139 0.000060 0.000549 
 0.037958 0.000033 0.000792 
 0.038187 0.000026 0.000917 
 0.037511 0.000059 0.001141 
 0.037133 0.000059 0.000539 
 0.037975 0.000032 0.000831 
 0.038148 0.000027 0.000947 
 0.037459 0.000060 0.001156 
 0.037130 0.000058 0.000534 
 0.037990 0.000031 0.000869 
 0.038106 0.000028 0.000977 
 0.037407 0.000061 0.001168 
 0.037131 0.000056 0.000532 
 0.038002 0.000030 0.000905 
 0.038064 0.000029 0.001010 
 0.037356 0.000062 0.001177 
 0.037134 0.000055 0.000535 
 0.038011 0.000029 0.000939 
 0.038020 0.000031 0.001043 
 0.037306 0.000063 0.001182 
 0.037141 0.000054 0.000544 
 0.038018 0.000028 0.000971 
 0.037975 0.000032 0.001078 
 0.037257 0.000064 0.001184 
 0.037150 0.000052 0.000557 
 0.038022 0.000027 0.001001 
 0.037928 0.000033 0.001113 
 0.037208 0.000064 0.001182 
 0.037163 0.000051 0.000576 
 0.038023 0.000027 0.001029 
 0.037881 0.000035 0.001149 
 0.037161 0.000065 0.001176 
 0.037177 0.000050 0.000600 
 0.038020 0.000026 0.001056 
 0.037833 0.000036 0.001186 
 0.037115 0.000065 0.001167 
 0.037194 0.000048 0.000629 
 0.038015 0.000025 0.001081 
 0.037785 0.000038 0.001223 
 0.037070 0.000065 0.001155 
 0.037213 0.000047 0.000663 
 0.038007 0.000025 0.001105 
 0.037736 0.000040 0.001260 
 0.037026 0.000065 0.001139 
 0.037234 0.000046 0.000702 
 0.037996 0.000025 0.001128 
 0.037686 0.000041 0.001297 
 0.036985 0.000065 0.001120 
 0.037256 0.000045 0.000744 
 0.037982 0.000024 0.001150 
 0.037636 0.000043 0.001333 
 0.036945 0.000065 0.001099 
 0.037279 0.000044 0.000790 
 0.037966 0.000024 0.001172 
 0.037585 0.000044 0.001368 
 0.036907 0.000065 0.001075 
 0.037302 0.000043 0.000839 
 0.037947 0.000024 0.001193 
 0.037535 0.000046 0.001403 
 0.036872 0.000064 0.001050 
 0.037326 0.000042 0.000889 
 0.037925 0.000024 0.001215 
 0.037483 0.000048 0.001436 
 0.036839 0.000063 0.001024 
 0.037349 0.000041 0.000942 
 0.037901 0.000024 0.001237 
 0.037432 0.000049 0.001467 
 0.036808 0.000063 0.000997 
 0.037372 0.000040 0.000994 
 0.037875 0.000025 0.001260 
 0.037381 0.000051 0.001496 
 0.036781 0.000062 0.000971 
 0.037395 0.000039 0.001047 
 0.037847 0.000025 0.001284 
 0.037329 0.000052 0.001523 
 0.036756 0.000061 0.000946 
 0.037416 0.000038 0.001099 
 0.037817 0.000026 0.001309 
 0.037278 0.000053 0.001548 
 0.036735 0.000060 0.000923 
 0.037436 0.000037 0.001150 
 0.037785 0.000026 0.001335 
 0.037226 0.000055 0.001570 
 0.036717 0.000058 0.000902 
 0.037454 0.000036 0.001199 
 0.037751 0.000027 0.001362 
 0.037175 0.000056 0.001589 
 0.036702 0.000057 0.000886 
 0.037470 0.000035 0.001246 
 0.037716 0.000028 0.001390 
 0.037123 0.000057 0.001604 
 0.036691 0.000056 0.000873 
 0.037485 0.000034 0.001291 
 0.037680 0.000029 0.001420 
 0.037072 0.000058 0.001616 
 0.036684 0.000055 0.000866 
 0.037497 0.000033 0.001333 
 0.037642 0.000030 0.001450 
 0.037021 0.000059 0.001625 
 0.036680 0.000054 0.000864 
 0.037507 0.000033 0.001373 
 0.037603 0.000031 0.001482 
 0.036971 0.000060 0.001629 
 0.036679 0.000052 0.000868 
 0.037514 0.000032 0.001409 
 0.037563 0.000032 0.001515 
 0.036921 0.000061 0.001630 
 0.036682 0.000051 0.000879 
 0.037520 0.000031 0.001443 
 0.037522 0.000033 0.001549 
 0.036872 0.000061 0.001627 
 0.036688 0.000050 0.000896 
 0.037522 0.000030 0.001475 
 0.037481 0.000034 0.001583 
 0.036823 0.000062 0.001620 
 0.036697 0.000049 0.000920 
 0.037522 0.000030 0.001504 
 0.037438 0.000035 0.001618 
 0.036775 0.000062 0.001608 
 0.036708 0.000048 0.000950 
 0.037520 0.000029 0.001531 
 0.037395 0.000037 0.001653 
 0.036728 0.000062 0.001592 
 0.036723 0.000047 0.000987 
 0.037515 0.000029 0.001556 
 0.037352 0.000038 0.001689 
 0.036682 0.000063 0.001573 
 0.036739 0.000046 0.001029 
 0.037508 0.000028 0.001579 
 0.037308 0.000040 0.001724 
 0.036637 0.000063 0.001550 
 0.036758 0.000046 0.001076 
 0.037498 0.000028 0.001602 
 0.037263 0.000041 0.001758 
 0.036594 0.000062 0.001524 
 0.036778 0.000045 0.001127 
 0.037487 0.000027 0.001623 
 0.037218 0.000042 0.001792 
 0.036552 0.000062 0.001494 
 0.036799 0.000044 0.001181 
 0.037472 0.000027 0.001644 
 0.037173 0.000044 0.001825 
 0.036512 0.000062 0.001463 
 0.036821 0.000043 0.001238 
 0.037456 0.000027 0.001664 
 0.037128 0.000045 0.001856 
 0.036474 0.000061 0.001429 
 0.036843 0.000043 0.001297 
 0.037438 0.000027 0.001684 
 0.037082 0.000046 0.001886 
 0.036439 0.000060 0.001395 
 0.036866 0.000042 0.001357 
 0.037418 0.000027 0.001705 
 0.037037 0.000048 0.001914 
 0.036406 0.000059 0.001360 
 0.036888 0.000041 0.001416 
 0.037396 0.000027 0.001726 
 0.036991 0.000049 0.001940 
 0.036376 0.000059 0.001326 
 0.036909 0.000041 0.001475 
 0.037372 0.000028 0.001748 
 0.036945 0.000050 0.001963 
 0.036348 0.000058 0.001294 
 0.036930 0.000040 0.001533 
 0.037347 0.000028 0.001770 
 0.036899 0.000051 0.001984 
 0.036324 0.000057 0.001264 
 0.036950 0.000039 0.001589 
 0.037320 0.000028 0.001794 
 0.036852 0.000053 0.002002 
 0.036303 0.000055 0.001238 
 0.036968 0.000039 0.001642 
 0.037293 0.000029 0.001819 
 0.036806 0.000054 0.002017 
 0.036286 0.000054 0.001217 
 0.036986 0.000038 0.001692 
 0.037264 0.000030 0.001844 
 0.036760 0.000055 0.002028 
 0.036273 0.000053 0.001201 
 0.037001 0.000037 0.001739 
 0.037233 0.000030 0.001871 
 0.036714 0.000056 0.002036 
 0.036263 0.000052 0.001192 
 0.037015 0.000037 0.001783 
 0.037202 0.000031 0.001898 
 0.036668 0.000056 0.002040 
 0.036257 0.000051 0.001189 
 0.037027 0.000036 0.001823 
 0.037170 0.000032 0.001927 
 0.036621 0.000057 0.002039 
 0.036255 0.000050 0.001194 
 0.037037 0.000035 0.001860 
 0.037138 0.000033 0.001956 
 0.036575 0.000058 0.002035 
 0.036256 0.000050 0.001206 
 0.037045 0.000034 0.001894 
 0.037104 0.000034 0.001985 
 0.036529 0.000058 0.002025 
 0.036260 0.000049 0.001226 
 0.037050 0.000034 0.001924 
 0.037071 0.000035 0.002016 
 0.036483 0.000059 0.002012 
 0.036268 0.000048 0.001253 
 0.037054 0.000033 0.001952 
 0.037036 0.000036 0.002046 
 0.036438 0.000059 0.001993 
 0.036279 0.000047 0.001288 
 0.037056 0.000033 0.001977 
 0.037002 0.000037 0.002076 
 0.036393 0.000059 0.001970 
 0.036293 0.000047 0.001329 
 0.037055 0.000032 0.002000 
 0.036967 0.000038 0.002106 
 0.036349 0.000059 0.001943 
 0.036309 0.000046 0.001376 
 0.037053 0.000032 0.002021 
 0.036932 0.000039 0.002135 
 0.036306 0.000059 0.001912 
 0.036327 0.000046 0.001429 
 0.037048 0.000031 0.002040 
 0.036896 0.000040 0.002164 
 0.036264 0.000059 0.001877 
 0.036347 0.000046 0.001486 
 0.037041 0.000031 0.002058 
 0.036861 0.000041 0.002191 
 0.036223 0.000058 0.001838 
 0.036369 0.000045 0.001546 
 0.037033 0.000031 0.002075 
 0.036825 0.000042 0.002218 
 0.036183 0.000058 0.001798 
 0.036392 0.000045 0.001608 
 0.037023 0.000030 0.002092 
 0.036789 0.000043 0.002243 
 0.036146 0.000057 0.001755 
 0.036416 0.000044 0.001671 
 0.037011 0.000030 0.002108 
 0.036753 0.000045 0.002266 
 0.036111 0.000057 0.001712 
 0.036440 0.000044 0.001735 
 0.036998 0.000030 0.002124 
 0.036717 0.000046 0.002287 
 0.036077 0.000056 0.001669 
 0.036464 0.000044 0.001798 
 0.036983 0.000030 0.002140 
 0.036680 0.000047 0.002306 
 0.036047 0.000055 0.001626 
 0.036488 0.000043 0.001860 
 0.036967 0.000030 0.002157 
 0.036643 0.000048 0.002323 
 0.036020 0.000054 0.001587 
 0.036512 0.000043 0.001920 
 0.036950 0.000031 0.002174 
 0.036605 0.000049 0.002337 
 0.035995 0.000054 0.001550 
 0.036534 0.000042 0.001976 
 0.036932 0.000031 0.002191 
 0.036567 0.000050 0.002348 
 0.035974 0.000053 0.001519 
 0.036556 0.000042 0.002029 
 0.036913 0.000031 0.002209 
 0.036529 0.000050 0.002356 
 0.035956 0.000052 0.001493 
 0.036577 0.000041 0.002079 
 0.036893 0.000032 0.002227 
 0.036490 0.000051 0.002360 
 0.035943 0.000051 0.001473 
 0.036597 0.000041 0.002125 
 0.036873 0.000032 0.002246 
 0.036450 0.000052 0.002360 
 0.035932 0.000050 0.001460 
 0.036614 0.000040 0.002166 
 0.036852 0.000032 0.002266 
 0.036410 0.000053 0.002356 
 0.035926 0.000050 0.001456 
 0.036631 0.000040 0.002203 
 0.036830 0.000033 0.002285 
 0.036370 0.000053 0.002348 
 0.035924 0.000049 0.001459 
 0.036646 0.000039 0.002237 
 0.036808 0.000034 0.002305 
 0.036330 0.000054 0.002335 
 0.035925 0.000049 0.001471 
 0.036659 0.000038 0.002266 
 0.036786 0.000034 0.002325 
 0.036289 0.000054 0.002317 
 0.035930 0.000048 0.001492 
 0.036670 0.000038 0.002292 
 0.036764 0.000035 0.002345 
 0.036248 0.000055 0.002294 
 0.035938 0.000048 0.001520 
 0.036679 0.000037 0.002314 
 0.036742 0.000036 0.002365 
 0.036207 0.000055 0.002266 
 0.035950 0.000047 0.001556 
 0.036687 0.000037 0.002333 
 0.036719 0.000036 0.002385 
 0.036166 0.000055 0.002234 
 0.035965 0.000047 0.001599 
 0.036693 0.000036 0.002350 
 0.036696 0.000037 0.002404 
 0.036126 0.000055 0.002197 
 0.035983 0.000047 0.001648 
 0.036698 0.000036 0.002364 
 0.036673 0.000038 0.002423 
 0.036086 0.000055 0.002156 
 0.036003 0.000047 0.001703 
 0.036700 0.000035 0.002376 
 0.036649 0.000039 0.002441 
 0.036047 0.000055 0.002112 
 0.036025 0.000047 0.001761 
 0.036702 0.000035 0.002387 
 0.036625 0.000039 0.002458 
 0.036009 0.000055 0.002064 
 0.036049 0.000047 0.001822 
 0.036702 0.000034 0.002396 
 0.036600 0.000040 0.002474 
 0.035973 0.000054 0.002014 
 0.036075 0.000047 0.001885 
 0.036700 0.000034 0.002404 
 0.036575 0.000041 0.002488 
 0.035938 0.000054 0.001963 
 0.036101 0.000047 0.001948 
 0.036698 0.000034 0.002412 
 0.036550 0.000042 0.002502 
 0.035904 0.000054 0.001911 
 0.036128 0.000047 0.002011 
 0.036694 0.000033 0.002419 
 0.036524 0.000043 0.002513 
 0.035873 0.000053 0.001860 
 0.036156 0.000047 0.002072 
 0.036690 0.000033 0.002426 
 0.036497 0.000043 0.002523 
 0.035844 0.000052 0.001810 
 0.036184 0.000047 0.002131 
 0.036685 0.000033 0.002432 
 0.036469 0.000044 0.002530 
 0.035818 0.000052 0.001764 
 0.036211 0.000046 0.002188 
 0.036679 0.000033 0.002439 
 0.036441 0.000045 0.002535 
 0.035795 0.000051 0.001721 
 0.036238 0.000046 0.002240 
 0.036672 0.000033 0.002445 
 0.036412 0.000046 0.002537 
 0.035775 0.000050 0.001684 
 0.036265 0.000046 0.002289 
 0.036665 0.000033 0.002452 
 0.036382 0.000047 0.002535 
 0.035759 0.000050 0.001653 
 0.036290 0.000045 0.002333 
 0.036658 0.000033 0.002459 
 0.036352 0.000047 0.002530 
 0.035746 0.000049 0.001629 
 0.036315 0.000045 0.002372 
 0.036650 0.000033 0.002466 
 0.036321 0.000048 0.002522 
 0.035737 0.000049 0.001614 
 0.036339 0.000044 0.002407 
 0.036642 0.000033 0.002473 
 0.036289 0.000049 0.002509 
 0.035732 0.000049 0.001606 
 0.036362 0.000044 0.002437 
 0.036634 0.000033 0.002480 
 0.036256 0.000049 0.002492 
 0.035731 0.000048 0.001608 
 0.036383 0.000043 0.002463 
 0.036625 0.000034 0.002488 
 0.036223 0.000050 0.002470 
 0.035734 0.000048 0.001618 
 0.036403 0.000043 0.002485 
 0.036616 0.000034 0.002495 
 0.036189 0.000050 0.002443 
 0.035740 0.000048 0.001638 
 0.036422 0.000042 0.002503 
 0.036607 0.000034 0.002503 
 0.036155 0.000051 0.002412 
 0.035750 0.000048 0.001665 
 0.036440 0.000041 0.002517 
 0.036597 0.000035 0.002511 
 0.036121 0.000051 0.002376 
 0.035764 0.000048 0.001700 
 0.036456 0.000041 0.002528 
 0.036587 0.000035 0.002519 
 0.036086 0.000051 0.002336 
 0.035781 0.000048 0.001742 
 0.036471 0.000040 0.002537 
 0.036577 0.000035 0.002526 
 0.036051 0.000051 0.002291 
 0.035801 0.000049 0.001790 
 0.036486 0.000040 0.002543 
 0.036566 0.000036 0.002534 
 0.036017 0.000051 0.002243 
 0.035824 0.000049 0.001843 
 0.036499 0.000039 0.002546 
 0.036554 0.000036 0.002541 
 0.035983 0.000051 0.002191 
 0.035849 0.000049 0.001899 
 0.036511 0.000038 0.002548 
 0.036542 0.000037 0.002547 
 0.035950 0.000051 0.002136 
 0.035877 0.000050 0.001957 
 0.036522 0.000038 0.002548 
 0.036530 0.000037 0.002553 
 0.035917 0.000051 0.002079 
 0.035905 0.000050 0.002016 
 0.036533 0.000037 0.002547 
 0.036517 0.000038 0.002558 
 0.035886 0.000051 0.002021 
 0.035936 0.000050 0.002076 
 0.036543 0.000037 0.002545 
 0.036503 0.000039 0.002561 
 0.035856 0.000050 0.001963 
 0.035967 0.000050 0.002134 
 0.036552 0.000036 0.002542 
 0.036488 0.000039 0.002564 
 0.035828 0.000050 0.001906 
 0.035999 0.000050 0.002191 
 0.036560 0.000036 0.002538 
 0.036473 0.000040 0.002564 
 0.035803 0.000050 0.001851 
 0.036032 0.000050 0.002244 
 0.036568 0.000035 0.002534 
 0.036456 0.000041 0.002563 
 0.035779 0.000049 0.001800 
 0.036065 0.000050 0.002294 
 0.036575 0.000035 0.002530 
 0.036439 0.000041 0.002559 
 0.035759 0.000049 0.001754 
 0.036098 0.000050 0.002341 
 0.036582 0.000035 0.002526 
 0.036421 0.000042 0.002553 
 0.035742 0.000049 0.001713 
 0.036131 0.000050 0.002383 
 0.036588 0.000034 0.002521 
 0.036401 0.000043 0.002543 
 0.035727 0.000048 0.001679 
 0.036163 0.000050 0.002420 
 0.036594 0.000034 0.002516 
 0.036381 0.000043 0.002531 
 0.035717 0.000048 0.001653 
 0.036195 0.000049 0.002453 
 0.036600 0.000034 0.002512 
 0.036359 0.000044 0.002515 
 0.035710 0.000048 0.001635 
 0.036226 0.000049 0.002481 
 0.036605 0.000034 0.002507 
 0.036337 0.000045 0.002495 
 0.035707 0.000048 0.001626 
 0.036257 0.000048 0.002504 
 0.036610 0.000033 0.002503 
 0.036313 0.000045 0.002470 
 0.035708 0.000048 0.001626 
 0.036287 0.000048 0.002523 
 0.036614 0.000033 0.002499 
 0.036288 0.000046 0.002441 
 0.035712 0.000049 0.001634 
 0.036317 0.000047 0.002538 
 0.036619 0.000033 0.002496 
 0.036262 0.000046 0.002408 
 0.035721 0.000049 0.001652 
 0.036345 0.000046 0.002548 
 0.036623 0.000033 0.002492 
 0.036235 0.000047 0.002370 
 0.035734 0.000049 0.001677 
 0.036373 0.000045 0.002555 
 0.036626 0.000033 0.002489 
 0.036208 0.000047 0.002328 
 0.035750 0.000050 0.001710 
 0.036400 0.000045 0.002559 
 0.036630 0.000033 0.002485 
 0.036180 0.000047 0.002280 
 0.035770 0.000050 0.001749 
 0.036426 0.000044 0.002559 
 0.036632 0.000034 0.002482 
 0.036151 0.000047 0.002229 
 0.035792 0.000051 0.001793 
 0.036451 0.000043 0.002557 
 0.036635 0.000034 0.002478 
 0.036122 0.000048 0.002174 
 0.035818 0.000052 0.001842 
 0.036475 0.000042 0.002552 
 0.036636 0.000034 0.002475 
 0.036093 0.000048 0.002116 
 0.035846 0.000052 0.001893 
 0.036499 0.000042 0.002545 
 0.036637 0.000034 0.002471 
 0.036064 0.000048 0.002056 
 0.035877 0.000053 0.001946 
 0.036522 0.000041 0.002536 
 0.036638 0.000034 0.002467 
 0.036036 0.000048 0.001994 
 0.035910 0.000053 0.002000 
 0.036545 0.000040 0.002525 
 0.036637 0.000035 0.002462 
 0.036009 0.000048 0.001931 
 0.035944 0.000054 0.002053 
 0.036566 0.000039 0.002513 
 0.036635 0.000035 0.002456 
 0.035983 0.000048 0.001869 
 0.035980 0.000054 0.002105 
 0.036587 0.000039 0.002500 
 0.036632 0.000036 0.002449 
 0.035958 0.000048 0.001808 
 0.036017 0.000054 0.002155 
 0.036608 0.000038 0.002486 
 0.036628 0.000036 0.002441 
 0.035935 0.000048 0.001751 
 0.036055 0.000054 0.002202 
 0.036628 0.000037 0.002471 
 0.036622 0.000037 0.002431 
 0.035915 0.000048 0.001697 
 0.036093 0.000054 0.002245 
 0.036648 0.000037 0.002456 
 0.036615 0.000037 0.002418 
 0.035897 0.000048 0.001649 
 0.036132 0.000054 0.002284 
 0.036668 0.000036 0.002440 
 0.036607 0.000038 0.002404 
 0.035882 0.000048 0.001607 
 0.036171 0.000054 0.002318 
 0.036687 0.000035 0.002423 
 0.036597 0.000038 0.002387 
 0.035870 0.000048 0.001571 
 0.036211 0.000054 0.002348 
 0.036706 0.000035 0.002407 
 0.036585 0.000039 0.002366 
 0.035861 0.000048 0.001544 
 0.036250 0.000053 0.002373 
 0.036725 0.000034 0.002390 
 0.036572 0.000040 0.002342 
 0.035856 0.000048 0.001524 
 0.036289 0.000053 0.002392 
 0.036743 0.000034 0.002373 
 0.036557 0.000040 0.002314 
 0.035855 0.000049 0.001513 
 0.036327 0.000052 0.002407 
 0.036761 0.000033 0.002356 
 0.036540 0.000041 0.002282 
 0.035857 0.000049 0.001511 
 0.036365 0.000052 0.002418 
 0.036779 0.000033 0.002340 
 0.036522 0.000041 0.002246 
 0.035864 0.000050 0.001517 
 0.036403 0.000051 0.002424 
 0.036797 0.000032 0.002324 
 0.036502 0.000042 0.002205 
 0.035874 0.000051 0.001531 
 0.036440 0.000050 0.002426 
 0.036814 0.000032 0.002308 
 0.036481 0.000043 0.002161 
 0.035888 0.000051 0.001553 
 0.036477 0.000049 0.002424 
 0.036830 0.000032 0.002292 
 0.036459 0.000043 0.002112 
 0.035906 0.000052 0.001581 
 0.036513 0.000049 0.002418 
 0.036846 0.000031 0.002277 
 0.036436 0.000043 0.002059 
 0.035927 0.000053 0.001615 
 0.036548 0.000048 0.002409 
 0.036862 0.000031 0.002262 
 0.036412 0.000044 0.002002 
 0.035952 0.000054 0.001654 
 0.036583 0.000047 0.002397 
 0.036876 0.000031 0.002248 
 0.036387 0.000044 0.001943 
 0.035979 0.000055 0.001696 
 0.036618 0.000046 0.002382 
 0.036889 0.000031 0.002234 
 0.036362 0.000045 0.001881 
 0.036010 0.000055 0.001740 
 0.036652 0.000045 0.002365 
 0.036901 0.000031 0.002220 
 0.036337 0.000045 0.001818 
 0.036043 0.000056 0.001786 
 0.036686 0.000044 0.002346 
 0.036912 0.000031 0.002206 
 0.036313 0.000045 0.001754 
 0.036078 0.000057 0.001831 
 0.036719 0.000043 0.002325 
 0.036922 0.000031 0.002191 
 0.036289 0.000045 0.001690 
 0.036115 0.000057 0.001876 
 0.036752 0.000042 0.002303 
 0.036929 0.000032 0.002177 
 0.036265 0.000046 0.001627 
 0.036154 0.000057 0.001919 
 0.036785 0.000041 0.002279 
 0.036936 0.000032 0.002161 
 0.036243 0.000046 0.001567 
 0.036195 0.000058 0.001960 
 0.036817 0.000040 0.002253 
 0.036940 0.000032 0.002145 
 0.036223 0.000046 0.001510 
 0.036236 0.000058 0.001997 
 0.036849 0.000039 0.002227 
 0.036942 0.000033 0.002127 
 0.036204 0.000047 0.001457 
 0.036279 0.000058 0.002031 
 0.036882 0.000038 0.002200 
 0.036943 0.000033 0.002107 
 0.036188 0.000047 0.001409 
 0.036322 0.000058 0.002060 
 0.036913 0.000037 0.002173 
 0.036942 0.000034 0.002085 
 0.036175 0.000047 0.001368 
 0.036366 0.000058 0.002085 
 0.036945 0.000036 0.002145 
 0.036938 0.000034 0.002061 
 0.036164 0.000048 0.001333 
 0.036410 0.000058 0.002105 
 0.036976 0.000035 0.002117 
 0.036933 0.000035 0.002034 
 0.036156 0.000049 0.001306 
 0.036455 0.000057 0.002121 
 0.037007 0.000034 0.002089 
 0.036926 0.000036 0.002004 
 0.036152 0.000049 0.001286 
 0.036499 0.000057 0.002132 
 0.037037 0.000033 0.002062 
 0.036916 0.000036 0.001971 
 0.036151 0.000050 0.001274 
 0.036544 0.000056 0.002138 
 0.037067 0.000032 0.002034 
 0.036905 0.000037 0.001934 
 0.036154 0.000051 0.001271 
 0.036589 0.000055 0.002140 
 0.037097 0.000031 0.002008 
 0.036892 0.000038 0.001894 
 0.036161 0.000052 0.001275 
 0.036633 0.000055 0.002137 
 0.037125 0.000031 0.001982 
 0.036877 0.000038 0.001850 
 0.036171 0.000053 0.001286 
 0.036678 0.000054 0.002131 
 0.037153 0.000030 0.001957 
 0.036860 0.000039 0.001802 
 0.036185 0.000054 0.001303 
 0.036722 0.000053 0.002121 
 0.037180 0.000029 0.001933 
 0.036843 0.000040 0.001752 
 0.036203 0.000055 0.001326 
 0.036767 0.000052 0.002107 
 0.037205 0.000029 0.001910 
 0.036823 0.000040 0.001698 
 0.036225 0.000056 0.001354 
 0.036811 0.000051 0.002091 
 0.037230 0.000029 0.001888 
 0.036803 0.000041 0.001641 
 0.036250 0.000057 0.001386 
 0.036855 0.000049 0.002071 
 0.037253 0.000028 0.001867 
 0.036781 0.000041 0.001583 
 0.036277 0.000058 0.001421 
 0.036898 0.000048 0.002049 
 0.037275 0.000028 0.001846 
 0.036759 0.000042 0.001522 
 0.036308 0.000059 0.001457 
 0.036942 0.000047 0.002024 
 0.037295 0.000028 0.001826 
 0.036737 0.000043 0.001461 
 0.036342 0.000059 0.001494 
 0.036986 0.000046 0.001998 
 0.037313 0.000028 0.001806 
 0.036714 0.000043 0.001400 
 0.036378 0.000060 0.001531 
 0.037029 0.000045 0.001969 
 0.037330 0.000028 0.001787 
 0.036692 0.000044 0.001340 
 0.036416 0.000061 0.001566 
 0.037072 0.000043 0.001939 
 0.037344 0.000028 0.001767 
 0.036670 0.000044 0.001281 
 0.036456 0.000061 0.001600 
 0.037115 0.000042 0.001907 
 0.037357 0.000028 0.001747 
 0.036649 0.000045 0.001225 
 0.036498 0.000061 0.001632 
 0.037158 0.000041 0.001875 
 0.037367 0.000029 0.001727 
 0.036630 0.000046 0.001173 
 0.036542 0.000062 0.001660 
 0.037200 0.000039 0.001842 
 0.037376 0.000029 0.001705 
 0.036612 0.000046 0.001124 
 0.036586 0.000062 0.001685 
 0.037242 0.000038 0.001808 
 0.037381 0.000030 0.001682 
 0.036596 0.000047 0.001081 
 0.036632 0.000062 0.001706 
 0.037284 0.000037 0.001774 
 0.037385 0.000030 0.001657 
 0.036582 0.000048 0.001044 
 0.036679 0.000061 0.001723 
 0.037324 0.000035 0.001739 
 0.037387 0.000031 0.001630 
 0.036571 0.000049 0.001013 
 0.036726 0.000061 0.001736 
 0.037365 0.000034 0.001706 
 0.037386 0.000031 0.001601 
 0.036562 0.000050 0.000989 
 0.036775 0.000061 0.001745 
 0.037404 0.000033 0.001672 
 0.037382 0.000032 0.001569 
 0.036557 0.000051 0.000971 
 0.036823 0.000060 0.001749 
 0.037443 0.000032 0.001639 
 0.037377 0.000033 0.001535 
 0.036556 0.000052 0.000961 
 0.036873 0.000059 0.001749 
 0.037481 0.000031 0.001607 
 0.037369 0.000033 0.001498 
 